[array([0.702706, 0.714983]), array([0.696, 0.949]), array([0.535588, 0.65701 , 0.184434]), array([0.399925, 0.406128, 0.448374, 0.152257]), array([0.207291, 0.844448, 0.757986, 0.883227]), array([0.709047, 0.204974, 0.552846, 0.747692, 0.082319]), array([0.216275, 0.39105 , 0.214625, 0.37355 , 0.396798, 0.587844]), array([0.115661, 0.212612, 0.113159, 0.247502, 0.478509, 0.69688 ,
       0.386618, 0.717125])]
[array([0.7035, 0.716 ]), array([0.7 , 0.93]), array([0.493, 0.612, 0.34 ]), array([0.578, 0.429, 0.426, 0.249]), array([0.215, 0.845, 0.82 , 0.881]), array([0.709, 0.164, 0.553, 0.748, 0.06 ]), array([0.18 , 0.391, 0.18 , 0.32 , 0.397, 0.62 ]), array([0.09 , 0.213, 0.09 , 0.248, 0.479, 0.72 , 0.387, 0.718])]
[array([0.703103, 0.715492]), array([0.704637, 0.923564]), array([0.497581, 0.616593, 0.330176]), array([0.577766, 0.428772, 0.425826, 0.229007]), array([0.219189, 0.84648 , 0.879484, 0.883516]), array([0.709047, 0.184487, 0.552846, 0.747692, 0.07116 ]), array([0.165, 0.391, 0.165, 0.305, 0.397, 0.64 ]), array([0.102831, 0.212612, 0.10158 , 0.247502, 0.478509, 0.72    ,
       0.386618, 0.717125])]
[array([0.7032, 0.7155]), array([0.702637, 0.923   ]), array([0.492581, 0.611593, 0.32    ]), array([0.577766, 0.428772, 0.425826, 0.2     ]), array([0.21   , 0.84648, 0.885  , 0.888  ]), array([0.709047, 0.165   , 0.552846, 0.748   , 0.05    ]), array([0.15 , 0.391, 0.15 , 0.29 , 0.397, 0.66 ]), array([0.1     , 0.212612, 0.1     , 0.247502, 0.478509, 0.71    ,
       0.386618, 0.717125])]
[array([0.733303, 0.895458]), array([0.715782, 0.403023]), array([1.      , 0.      , 0.753227]), array([0.381408, 0.424891, 0.398586, 0.451571]), array([0., 1., 1., 1.]), array([0.406659, 0.287061, 0.581757, 0.897719, 0.016687]), array([0.110298, 0.191702, 0.019028, 0.320138, 0.359335, 0.623343]), array([0.159025, 0.066794, 0.272376, 0.019455, 0.603818, 0.411208,
       0.155265, 0.421846])]
[array([0.73327 , 0.895477]), array([0.715777, 0.403037]), array([1.      , 0.      , 0.753227]), array([0.381408, 0.424891, 0.398586, 0.451571]), array([1., 1., 1., 0.]), array([0.406659, 0.28706 , 0.58176 , 0.897718, 0.016687]), array([0.110301, 0.191705, 0.019018, 0.320138, 0.359334, 0.623343]), array([0.159031, 0.066797, 0.272384, 0.019458, 0.603812, 0.41122 ,
       0.155256, 0.421854])]
[array([0.356009, 0.322221]), array([0.720022, 0.      ]), array([0.365018, 1.      , 0.576576]), array([0.41446 , 0.40025 , 0.358799, 0.512877]), array([1., 1., 0., 0.]), array([0.478253, 0.319282, 0.543932, 0.782657, 0.101184]), array([0.127071, 0.108186, 0.      , 0.284898, 0.366855, 0.601523]), array([0.293901, 0.206599, 0.296746, 0.011816, 0.451257, 0.281611,
       0.198759, 0.33185 ])]
[array([0.354474, 0.327185]), array([0.74958 , 0.736168]), array([0.365018, 1.      , 0.576575]), array([0.528646, 0.359248, 0.335621, 0.428229]), array([1., 1., 1., 1.]), array([0.554116, 0.329447, 0.704757, 0.813416, 0.093766]), array([0.135446, 0.071813, 0.016683, 0.289631, 0.37032 , 0.60675 ]), array([0.223748, 0.009648, 0.325493, 0.011677, 0.560277, 0.524418,
       0.053478, 0.614737])]
[array([0.381004, 0.867635]), array([0.9569  , 0.997075]), array([0.275138, 0.299866, 0.      ]), array([0.29367 , 0.341434, 0.372329, 0.440685]), array([1., 1., 1., 1.]), array([0.385997, 0.36598 , 0.639813, 0.65776 , 0.085118]), array([0.061936, 0.090956, 0.111533, 0.3349  , 0.360649, 0.634337]), array([0.104224, 0.232435, 0.268632, 0.056016, 0.756843, 0.362262,
       0.275258, 0.612985])]
[array([0.720339, 0.820264]), array([0.696839, 0.529073]), array([0.678115, 0.      , 0.46778 ]), array([0.405664, 0.481616, 0.391131, 0.440499]), array([0.99, 0.99, 0.99, 0.99]), array([0.477768, 0.354408, 0.566576, 0.885899, 0.194269]), array([0.      , 0.073736, 0.218081, 0.325998, 0.350477, 0.625281]), array([0.097434, 0.144111, 0.165776, 0.059177, 0.748751, 0.189322,
       0.395261, 0.647124])]
[array([0.3502  , 0.815324]), array([0.697182, 0.321332]), array([0.977451, 1.      , 0.      ]), array([0.418286, 0.38449 , 0.407242, 0.350393]), array([0.456579, 0.328303, 0.367612, 0.383675]), array([0.439921, 0.485165, 0.579952, 0.678193, 0.017388]), array([0.050614, 0.056515, 0.268966, 0.313921, 0.333571, 0.633345]), array([0.248668, 0.178416, 0.172045, 0.227451, 0.747216, 0.231087,
       0.130996, 0.414291])]