[1.8100069787525062e-09, 0.5822689007615122, -0.11424528928046948, -4.443916226662012, 683.495774513213, -0.615653905540382, 1.8555873837664179, 9.823767357416]
[1.1182548900737289e-09, 0.49065494634477047, -0.04912429148563828, -4.029703746081889, 854.9450854918125, -0.6326124981740905, 1.9680480782903536, 9.8101761]
[1.4239451798026993e-09, 0.5818916868438594, -0.04020737163590583, -4.564200119173208, 1112.1279639533016, -0.5923966489333427, 1.9688446408986346, 9.813031365179]
[1.388950590743583e-09, 0.5918364897475765, -0.048507316221736464, -5.300631776829835, 1160.0159162153434, -0.639029157264551, 1.9450414902279902, 9.817070483501]
[2.3021615144490534e-58, 0.6281494291564482, -0.17360347048031932, -0.11951887687500529, 4440.5225, -0.3477907743869535, 2.1873640395496246, 9.8739500541134]
[2.2902645124359436e-58, 0.6262261402752716, -0.1741115400398252, -0.11951887687500529, 4440.5225, -0.3287084850466352, 2.1873454662624914, 9.8739427138614]
[8.863771985544089e-11, 0.47981507898549547, -0.0787114459901269, -1.2342659531882414, 1616.6425, -0.18101725119542925, 2.120018961922752, 9.7033957364355]
[3.6779727755137436e-10, 0.46033715170846173, -0.08701002479428385, -1.5467875647030378, 8662.4825, -0.25994023859752763, 2.1386488148685983, 9.7435994816386]
[8.802651154007641e-83, 0.05718885866951365, -0.14512521004133178, -0.9849873760301828, 8662.4825, -0.1943181769841806, 2.2806313025503906, 9.895431885776]
[-1.2695318390322163e-32, 0.6117812064990724, -0.09191797027356625, -1.2570614637655484, 7915.738968949545, -0.3984202937699258, 2.3312540345070674, 9.8135537340459]
[8.610193838283611e-80, 0.6915912381631273, -0.1480836814748771, 0.566128868426905, 98.14924198967329, -0.29445947512065795, 2.6357818167440783, 9.8570070148229]